Time,v_l,v_r,u0,u1,u2,e0,e1,e2
2.49,0.400,0.400,0.400,0.400,0.000,0.105,0.105,0.000
2.59,0.000,0.000,0.000,0.000,0.400,0.105,0.105,0.105
2.69,0.153,0.152,0.152,0.152,0.000,0.105,0.105,0.105
2.79,0.078,0.077,0.077,0.077,0.152,0.105,0.105,0.105
2.89,0.139,0.139,0.139,0.139,0.077,0.110,0.110,0.105
2.99,0.139,0.138,0.138,0.138,0.139,0.118,0.118,0.110
3.09,0.152,0.150,0.151,0.151,0.138,0.127,0.127,0.118
3.19,0.151,0.149,0.150,0.150,0.151,0.135,0.135,0.127
3.29,0.178,0.174,0.176,0.176,0.150,0.145,0.145,0.135
3.39,0.190,0.186,0.188,0.188,0.176,0.157,0.157,0.145
3.49,0.186,0.180,0.183,0.183,0.188,0.167,0.167,0.157
3.59,0.189,0.183,0.186,0.186,0.183,0.176,0.176,0.167
3.69,0.174,0.167,0.170,0.170,0.186,0.180,0.180,0.176
3.79,0.183,0.176,0.180,0.180,0.170,0.184,0.184,0.180
3.89,0.196,0.186,0.191,0.191,0.180,0.189,0.189,0.184
4.00,0.164,0.156,0.160,0.160,0.191,0.189,0.189,0.189
4.10,0.191,0.181,0.186,0.186,0.160,0.191,0.191,0.189
4.20,0.178,0.168,0.173,0.173,0.186,0.192,0.192,0.191
4.30,0.182,0.172,0.177,0.177,0.173,0.193,0.193,0.192
4.40,0.192,0.180,0.186,0.186,0.177,0.195,0.195,0.193
4.50,0.197,0.185,0.191,0.191,0.186,0.198,0.198,0.195
4.60,0.190,0.178,0.184,0.184,0.191,0.200,0.200,0.198
4.70,0.205,0.192,0.198,0.198,0.184,0.203,0.203,0.200
4.80,0.189,0.177,0.183,0.183,0.198,0.204,0.204,0.203
4.90,0.203,0.189,0.196,0.196,0.183,0.206,0.206,0.204
5.00,0.210,0.196,0.203,0.203,0.196,0.209,0.209,0.206
5.10,0.200,0.187,0.193,0.193,0.203,0.211,0.211,0.209
5.20,0.194,0.182,0.188,0.188,0.193,0.211,0.211,0.211
5.30,0.215,0.202,0.209,0.209,0.188,0.213,0.213,0.211
5.40,0.171,0.161,0.166,0.166,0.209,0.211,0.211,0.213
5.50,0.219,0.207,0.213,0.213,0.166,0.212,0.212,0.211
5.60,0.192,0.182,0.187,0.187,0.213,0.213,0.213,0.212
5.70,0.201,0.191,0.196,0.196,0.187,0.213,0.213,0.213
5.80,0.205,0.196,0.201,0.201,0.196,0.215,0.215,0.213
5.90,0.190,0.182,0.186,0.186,0.201,0.214,0.214,0.215
6.00,0.218,0.209,0.214,0.214,0.186,0.216,0.216,0.214
6.10,0.208,0.201,0.204,0.204,0.214,0.219,0.219,0.216
6.20,0.204,0.198,0.201,0.201,0.204,0.220,0.220,0.219
6.30,0.194,0.189,0.191,0.191,0.201,0.219,0.219,0.220
6.40,0.204,0.198,0.201,0.201,0.191,0.219,0.219,0.219
6.50,0.199,0.194,0.196,0.196,0.201,0.219,0.219,0.219
6.60,0.209,0.206,0.207,0.207,0.196,0.220,0.220,0.219
6.70,0.181,0.179,0.180,0.180,0.207,0.218,0.218,0.220
6.80,0.208,0.206,0.207,0.207,0.180,0.218,0.218,0.218
6.90,0.190,0.189,0.190,0.190,0.207,0.218,0.218,0.218
7.00,0.181,0.181,0.181,0.181,0.190,0.215,0.215,0.218
7.11,0.223,0.224,0.223,0.223,0.181,0.218,0.218,0.215
7.21,0.210,0.212,0.211,0.211,0.223,0.222,0.222,0.218
7.31,0.174,0.176,0.175,0.175,0.211,0.219,0.219,0.222
7.41,0.218,0.221,0.219,0.219,0.175,0.220,0.220,0.219
7.51,0.186,0.190,0.188,0.188,0.219,0.220,0.220,0.220
7.61,0.227,0.232,0.230,0.230,0.188,0.224,0.224,0.220
7.71,0.183,0.188,0.185,0.185,0.230,0.223,0.223,0.224
7.81,0.205,0.211,0.208,0.208,0.185,0.223,0.223,0.223
7.91,0.190,0.196,0.193,0.193,0.208,0.222,0.222,0.223
8.01,0.207,0.214,0.210,0.210,0.193,0.223,0.223,0.222
8.11,0.194,0.200,0.197,0.197,0.210,0.223,0.223,0.223
8.21,0.213,0.219,0.216,0.216,0.197,0.225,0.225,0.223
8.31,0.181,0.186,0.183,0.183,0.216,0.223,0.223,0.225
8.41,0.214,0.220,0.217,0.217,0.183,0.224,0.224,0.223
8.51,0.187,0.191,0.189,0.189,0.217,0.223,0.223,0.224
8.61,0.212,0.216,0.214,0.214,0.189,0.224,0.224,0.223
8.71,0.208,0.211,0.210,0.210,0.214,0.226,0.226,0.224
8.81,0.192,0.194,0.193,0.193,0.210,0.224,0.224,0.226
8.91,0.201,0.203,0.202,0.202,0.193,0.224,0.224,0.224
9.01,0.209,0.210,0.210,0.210,0.202,0.225,0.225,0.224
9.11,0.201,0.200,0.201,0.201,0.210,0.225,0.225,0.225
9.21,0.208,0.207,0.207,0.207,0.201,0.225,0.225,0.225
9.31,0.186,0.185,0.186,0.186,0.207,0.223,0.223,0.225
9.41,0.204,0.201,0.203,0.203,0.186,0.222,0.222,0.223
9.51,0.210,0.206,0.208,0.208,0.203,0.223,0.223,0.222
9.61,0.202,0.198,0.200,0.200,0.208,0.223,0.223,0.223
9.71,0.200,0.195,0.198,0.198,0.200,0.222,0.222,0.223
9.81,0.203,0.197,0.200,0.200,0.198,0.222,0.222,0.222
9.91,0.208,0.202,0.205,0.205,0.200,0.222,0.222,0.222
10.02,0.215,0.208,0.211,0.211,0.205,0.224,0.224,0.222
10.12,0.188,0.181,0.184,0.184,0.211,0.222,0.222,0.224
10.22,0.238,0.229,0.233,0.233,0.184,0.226,0.226,0.222
10.32,0.197,0.189,0.193,0.193,0.233,0.226,0.226,0.226
10.42,0.222,0.212,0.217,0.217,0.193,0.227,0.227,0.226
10.52,0.183,0.175,0.179,0.179,0.217,0.224,0.224,0.227
10.62,0.218,0.207,0.212,0.212,0.179,0.224,0.224,0.224
10.72,0.224,0.212,0.218,0.218,0.212,0.227,0.227,0.224
10.82,0.193,0.183,0.188,0.188,0.218,0.225,0.225,0.227
10.92,0.199,0.188,0.194,0.194,0.188,0.223,0.223,0.225
11.02,0.206,0.195,0.201,0.201,0.194,0.222,0.222,0.223
11.12,0.211,0.199,0.205,0.205,0.201,0.222,0.222,0.222
11.22,0.223,0.212,0.217,0.217,0.205,0.225,0.225,0.222
11.32,0.188,0.179,0.184,0.184,0.217,0.223,0.223,0.225
11.42,0.229,0.219,0.224,0.224,0.184,0.225,0.225,0.223
11.52,0.175,0.168,0.171,0.171,0.224,0.222,0.222,0.225
11.62,0.242,0.233,0.238,0.238,0.171,0.225,0.225,0.222
11.72,0.190,0.184,0.187,0.187,0.238,0.225,0.225,0.225
11.82,0.194,0.189,0.192,0.192,0.187,0.222,0.222,0.225
11.92,0.220,0.216,0.218,0.218,0.192,0.224,0.224,0.222
12.02,0.196,0.194,0.195,0.195,0.218,0.224,0.224,0.224
12.12,0.203,0.201,0.202,0.202,0.195,0.223,0.223,0.224
12.22,0.204,0.204,0.204,0.204,0.202,0.224,0.224,0.223
12.32,0.198,0.200,0.199,0.199,0.204,0.223,0.223,0.224
12.42,0.181,0.183,0.182,0.182,0.199,0.220,0.220,0.223
12.52,0.214,0.217,0.216,0.216,0.182,0.221,0.221,0.220
12.62,0.196,0.200,0.198,0.198,0.216,0.222,0.222,0.221
12.72,0.211,0.216,0.214,0.214,0.198,0.224,0.224,0.222
12.82,0.203,0.209,0.206,0.206,0.214,0.225,0.225,0.224
12.93,0.207,0.214,0.210,0.210,0.206,0.226,0.226,0.225
13.03,0.206,0.215,0.210,0.210,0.210,0.228,0.228,0.226
13.13,0.208,0.218,0.213,0.213,0.210,0.229,0.229,0.228
13.23,0.189,0.199,0.194,0.194,0.213,0.228,0.228,0.229
13.33,0.195,0.205,0.200,0.200,0.194,0.226,0.226,0.228
13.43,0.188,0.199,0.193,0.193,0.200,0.224,0.224,0.226
13.53,0.207,0.219,0.213,0.213,0.193,0.225,0.225,0.224
13.63,0.210,0.223,0.217,0.217,0.213,0.227,0.227,0.225
13.73,0.186,0.197,0.191,0.191,0.217,0.226,0.226,0.227
13.83,0.188,0.199,0.194,0.194,0.191,0.224,0.224,0.226
13.93,0.207,0.219,0.213,0.213,0.194,0.224,0.224,0.224
14.03,0.185,0.195,0.190,0.190,0.213,0.223,0.223,0.224
14.13,0.203,0.212,0.208,0.208,0.190,0.223,0.223,0.223
14.23,0.180,0.187,0.184,0.184,0.208,0.221,0.221,0.223
14.33,0.185,0.192,0.189,0.189,0.184,0.218,0.218,0.221
14.43,0.211,0.219,0.215,0.215,0.189,0.220,0.220,0.218
14.53,0.190,0.196,0.193,0.193,0.215,0.220,0.220,0.220
14.63,0.214,0.220,0.217,0.217,0.193,0.222,0.222,0.220
14.73,0.185,0.189,0.187,0.187,0.217,0.221,0.221,0.222
14.83,0.192,0.195,0.193,0.193,0.187,0.219,0.219,0.221
14.94,0.214,0.217,0.215,0.215,0.193,0.221,0.221,0.219
15.04,0.215,0.217,0.216,0.216,0.215,0.225,0.225,0.221
15.14,0.198,0.199,0.198,0.198,0.216,0.225,0.225,0.225
15.24,0.208,0.208,0.208,0.208,0.198,0.225,0.225,0.225
15.34,0.202,0.201,0.202,0.202,0.208,0.225,0.225,0.225
15.44,0.211,0.210,0.211,0.211,0.202,0.226,0.226,0.225
15.54,0.199,0.197,0.198,0.198,0.211,0.226,0.226,0.226
15.64,0.209,0.205,0.207,0.207,0.198,0.226,0.226,0.226
15.74,0.193,0.188,0.191,0.191,0.207,0.224,0.224,0.226
15.84,0.200,0.194,0.197,0.197,0.191,0.222,0.222,0.224
15.94,0.203,0.196,0.200,0.200,0.197,0.222,0.222,0.222
16.04,0.228,0.219,0.223,0.223,0.200,0.225,0.225,0.222
16.14,0.185,0.177,0.181,0.181,0.223,0.223,0.223,0.225
16.25,0.232,0.221,0.227,0.227,0.181,0.225,0.225,0.223
16.35,0.209,0.199,0.204,0.204,0.227,0.227,0.227,0.225
16.45,0.196,0.186,0.191,0.191,0.204,0.225,0.225,0.227
16.55,0.241,0.227,0.234,0.234,0.191,0.228,0.228,0.225
16.65,0.201,0.189,0.195,0.195,0.234,0.229,0.229,0.228
16.75,0.204,0.192,0.198,0.198,0.195,0.227,0.227,0.229
16.85,0.213,0.200,0.207,0.207,0.198,0.226,0.226,0.227
16.95,0.193,0.181,0.187,0.187,0.207,0.224,0.224,0.226
17.05,0.230,0.217,0.223,0.223,0.187,0.226,0.226,0.224
17.15,0.183,0.173,0.178,0.178,0.223,0.223,0.223,0.226
17.25,0.204,0.193,0.199,0.199,0.178,0.221,0.221,0.223
17.35,0.201,0.191,0.196,0.196,0.199,0.220,0.220,0.221
17.45,0.223,0.213,0.218,0.218,0.196,0.222,0.222,0.220
17.55,0.207,0.198,0.202,0.202,0.218,0.224,0.224,0.222
17.65,0.199,0.191,0.195,0.195,0.202,0.223,0.223,0.224
17.75,0.127,0.123,0.125,0.125,0.195,0.211,0.211,0.223
17.85,0.095,0.092,0.094,0.094,0.125,0.192,0.192,0.211
17.96,0.090,0.087,0.088,0.088,0.094,0.174,0.174,0.192
18.06,0.061,0.059,0.060,0.060,0.088,0.153,0.153,0.174
18.16,0.053,0.052,0.053,0.053,0.060,0.134,0.134,0.153
18.26,0.032,0.032,0.032,0.032,0.053,0.114,0.114,0.134
18.36,0.025,0.025,0.025,0.025,0.032,0.096,0.096,0.114
18.46,0.021,0.021,0.021,0.021,0.025,0.080,0.080,0.096
18.56,0.046,0.046,0.046,0.046,0.021,0.071,0.071,0.080
18.66,0.060,0.061,0.061,0.061,0.046,0.067,0.067,0.071
18.76,0.043,0.044,0.043,0.043,0.061,0.064,0.064,0.067
18.86,0.068,0.069,0.068,0.068,0.043,0.063,0.063,0.064
18.96,0.051,0.052,0.052,0.052,0.068,0.063,0.063,0.063
19.06,0.047,0.047,0.047,0.047,0.052,0.061,0.061,0.063
19.16,0.041,0.042,0.041,0.041,0.047,0.058,0.058,0.061
19.26,0.027,0.027,0.027,0.027,0.041,0.053,0.053,0.058
19.36,0.028,0.028,0.028,0.028,0.027,0.049,0.049,0.053
19.46,0.007,0.007,0.007,0.007,0.028,0.042,0.042,0.049
19.57,0.000,0.000,0.007,0.007,0.028,0.042,0.042,0.049
19.57,0.010,0.010,0.010,0.010,0.007,0.035,0.035,0.042
19.67,0.000,0.000,0.010,0.010,0.007,0.035,0.035,0.042
19.67,0.000,0.000,0.000,0.000,0.010,0.028,0.028,0.035
19.77,0.000,0.000,0.000,0.000,0.010,0.028,0.028,0.035
19.77,0.013,0.013,0.013,0.013,0.000,0.023,0.023,0.028
19.87,0.000,0.000,0.013,0.013,0.000,0.023,0.023,0.028
19.87,0.006,0.007,0.007,0.007,0.013,0.020,0.020,0.023
19.97,0.000,0.000,0.007,0.007,0.013,0.020,0.020,0.023
19.97,0.027,0.028,0.028,0.028,0.007,0.020,0.020,0.020
20.07,0.000,0.000,0.000,0.000,0.000,0.000,0.000,0.000
20.16,0.000,0.000,0.000,0.000,0.000,0.000,0.000,0.000
20.26,0.000,0.000,0.000,0.000,0.000,0.000,0.000,0.000
20.37,0.000,0.000,0.000,0.000,0.000,0.000,0.000,0.000
20.47,0.000,0.000,0.000,0.000,0.000,0.000,0.000,0.000
20.57,0.000,0.000,0.000,0.000,0.000,0.000,0.000,0.000
20.67,0.000,0.000,0.000,0.000,0.000,0.000,0.000,0.000
20.77,0.000,0.000,0.000,0.000,0.000,0.000,0.000,0.000
20.87,0.000,0.000,0.000,0.000,0.000,0.000,0.000,0.000
20.98,0.000,0.000,0.000,0.000,0.000,0.000,0.000,0.000
21.07,0.000,0.000,0.000,0.000,0.000,0.000,0.000,0.000
21.17,0.000,0.000,0.000,0.000,0.000,0.000,0.000,0.000
21.28,0.000,0.000,0.000,0.000,0.000,0.000,0.000,0.000
21.38,0.000,0.000,0.000,0.000,0.000,0.000,0.000,0.000
21.47,0.000,0.000,0.000,0.000,0.000,0.000,0.000,0.000
